CPNSRMQ: 1.631347982838219e-08
CQSMNRP: 1.631347982838219e-08
CQSMPNR: 1.631347982838219e-08
CQSMPRN: 1.631347982838219e-08
CRSMPQN: 1.631347982838219e-08
CRSPQMN: 1.631347982838219e-08
CSPRQMN: 1.631347982838219e-08
MNPRQCS: 7.40902641688369e-08
MPNCRSQ: 7.40902641688369e-08
MPNSRCQ: 7.40902641688369e-08
MPNSRQC: 7.40902641688369e-08
MPRNQCS: 7.40902641688369e-08
MQPNRCS: 7.40902641688369e-08
MQSPRCN: 7.40902641688369e-08
MRCSQPN: 7.40902641688369e-08
MRPNQCS: 7.40902641688369e-08
MRPNQSC: 7.40902641688369e-08
MRPSNQC: 7.40902641688369e-08
MRPSQCN: 7.40902641688369e-08
MRPSQNC: 7.40902641688369e-08
MRQSPNC: 7.40902641688369e-08
MRSPNCQ: 7.40902641688369e-08
MRSPNQC: 7.40902641688369e-08
MRSPQCN: 7.40902641688369e-08
MSCRQPN: 7.40902641688369e-08
MSPQRCN: 7.40902641688369e-08
MSPRQCN: 7.40902641688369e-08
MSPRQNC: 7.40902641688369e-08
MSRPQCN: 7.40902641688369e-08
PCMRNSQ: 6.788013725363752e-08
PMNSRCQ: 6.788013725363752e-08
PNMRCSQ: 6.788013725363752e-08
PNQRCSM: 6.788013725363752e-08
PNSRCMQ: 6.788013725363752e-08
PQNCMSR: 6.788013725363752e-08
PQNCSMR: 6.788013725363752e-08
PQSCMNR: 6.788013725363752e-08
PRNSMCQ: 6.788013725363752e-08
PSMQCNR: 6.788013725363752e-08
PSMRCNQ: 6.788013725363752e-08
PSNCMQR: 6.788013725363752e-08
QPNCMSR: 5.950769285699409e-08
SCNPMRQ: 1.631347982838219e-08
SNRPMCQ: 1.631347982838219e-08
SQCMPRN: 1.631347982838219e-08
SRNPMCQ: 1.631347982838219e-08
SRNPMQC: 1.631347982838219e-08
