CMPNRSQ: 1.257775568564868e-09
CMPQRSN: 1.257775568564868e-09
CMPRNQS: 1.257775568564868e-09
CMPSRNQ: 1.257775568564868e-09
CPMQRSN: 1.257775568564868e-09
CPNQMRS: 1.257775568564868e-09
CPNSRMQ: 1.631347982838219e-08
CQSMNRP: 1.631347982838219e-08
CQSMPNR: 1.631347982838219e-08
CQSMPRN: 1.631347982838219e-08
CRMPNSQ: 1.257775568564868e-09
CRSMPQN: 1.631347982838219e-08
CRSPQMN: 1.631347982838219e-08
CSPRQMN: 1.631347982838219e-08
MCPQNRS: 1.512657006233962e-09
MCPQRNS: 1.512657006233962e-09
MNPRQCS: 7.40902641688369e-08
MPNCRSQ: 7.40902641688369e-08
MPNSRCQ: 7.40902641688369e-08
MPNSRQC: 7.40902641688369e-08
MPRNQCS: 7.40902641688369e-08
MQPCRNS: 1.512657006233962e-09
MQPCRSN: 1.512657006233962e-09
MQPNRCS: 7.40902641688369e-08
MQSPRCN: 7.40902641688369e-08
MRCSQPN: 7.40902641688369e-08
MRPNQCS: 7.40902641688369e-08
MRPNQSC: 7.40902641688369e-08
MRPQCNS: 1.512657006233962e-09
MRPSCQN: 1.512657006233962e-09
MRPSNQC: 7.40902641688369e-08
MRPSQCN: 7.40902641688369e-08
MRPSQNC: 7.40902641688369e-08
MRQSPNC: 7.40902641688369e-08
MRSPNCQ: 7.40902641688369e-08
MRSPNQC: 7.40902641688369e-08
MRSPQCN: 7.40902641688369e-08
MSCRQPN: 7.40902641688369e-08
MSPQRCN: 7.40902641688369e-08
MSPRQCN: 7.40902641688369e-08
MSPRQNC: 7.40902641688369e-08
MSRPQCN: 7.40902641688369e-08
NPMQCRS: 1.0917472987551635e-09
NPMQCSR: 1.0917472987551635e-09
NQPCRMS: 1.0917472987551635e-09
PCMRNSQ: 6.788013725363752e-08
PCRNQMS: 1.0917472987551635e-09
PCRNQSM: 1.0917472987551635e-09
PMCNRSQ: 1.0917472987551635e-09
PMNSRCQ: 6.788013725363752e-08
PMRNQSC: 1.0917472987551635e-09
PMRQNSC: 1.0917472987551635e-09
PMRSQNC: 1.0917472987551635e-09
PNMQCSR: 1.0917472987551635e-09
PNMRCSQ: 6.788013725363752e-08
PNQRCSM: 6.788013725363752e-08
PNSRCMQ: 6.788013725363752e-08
PQNCMSR: 6.788013725363752e-08
PQNCSMR: 6.788013725363752e-08
PQSCMNR: 6.788013725363752e-08
PRMCNSQ: 1.0917472987551635e-09
PRMCSNQ: 1.0917472987551635e-09
PRMNCSQ: 1.0917472987551635e-09
PRMSCQN: 1.0917472987551635e-09
PRNQMCS: 1.0917472987551635e-09
PRNSMCQ: 6.788013725363752e-08
PRQCNSM: 1.0917472987551635e-09
PRQMCSN: 1.0917472987551635e-09
PSMQCNR: 6.788013725363752e-08
PSMRCNQ: 6.788013725363752e-08
PSNCMQR: 6.788013725363752e-08
QCPMRNS: 1.0917472987551635e-09
QMPCRNS: 1.0917472987551635e-09
QMPNRSC: 1.0917472987551635e-09
QPMRCSN: 1.0917472987551635e-09
QPNCMSR: 5.950769285699409e-08
RCQMPSN: 1.6259411760497563e-09
RCQPMSN: 1.6259411760497563e-09
RMCPQSN: 1.6259411760497563e-09
RMPCQSN: 1.6259411760497563e-09
RMPCSQN: 1.6259411760497563e-09
RMPNCQS: 1.6259411760497563e-09
RMPNQSC: 1.6259411760497563e-09
RMPNSQC: 1.6259411760497563e-09
RMPSCQN: 1.6259411760497563e-09
RMQPCSN: 1.6259411760497563e-09
RMSNQPC: 1.6259411760497563e-09
RNQPCSM: 1.6259411760497563e-09
RPCSMQN: 1.6259411760497563e-09
RPMQCSN: 1.6259411760497563e-09
RPMQNSC: 1.6259411760497563e-09
RPMSCQN: 1.6259411760497563e-09
RPMSNQC: 1.6259411760497563e-09
RPNQCSM: 1.6259411760497563e-09
RPNQMCS: 1.6259411760497563e-09
RPQCMSN: 1.6259411760497563e-09
RPQMCSN: 1.6259411760497563e-09
RPQNCSM: 1.6259411760497563e-09
RPSQCMN: 1.6259411760497563e-09
RQMPCSN: 1.6259411760497563e-09
RSMQCPN: 1.6259411760497563e-09
RSPMCQN: 1.6259411760497563e-09
SCNPMRQ: 1.631347982838219e-08
SNRPMCQ: 1.631347982838219e-08
SPNQMCR: 1.6259411760497563e-09
SPRNQCM: 1.6259411760497563e-09
SQCMPRN: 1.631347982838219e-08
SRNPMCQ: 1.631347982838219e-08
SRNPMQC: 1.631347982838219e-08
