CMSQRNP: 3.544930218048658e-08
CNRQPMS: 3.544930218048658e-08
CPMQRNS: 3.544930218048658e-08
CPNSQMR: 3.544930218048658e-08
CQMSRNP: 3.544930218048658e-08
CRMQSNP: 3.544930218048658e-08
CSMPRNQ: 3.544930218048658e-08
CSMQNRP: 3.544930218048658e-08
CSMQPNR: 3.544930218048658e-08
CSMQRNP: 3.544930218048658e-08
CSMQRPN: 3.544930218048658e-08
CSMRQNP: 3.544930218048658e-08
CSNQRMP: 3.544930218048658e-08
CSPQRNM: 3.544930218048658e-08
CSQMRNP: 3.544930218048658e-08
CSQPMRN: 3.544930218048658e-08
MNCQPRS: 5.743924364003975e-08
MNCQPSR: 5.743924364003975e-08
MPCSQNR: 5.743924364003975e-08
MRSCPQN: 5.743924364003975e-08
MSCQRNP: 5.743924364003975e-08
NCPSQMR: 7.40902641688369e-08
NMCSQPR: 7.40902641688369e-08
NPCMQRS: 7.40902641688369e-08
NPCMQSR: 7.40902641688369e-08
NPCQSMR: 7.40902641688369e-08
NPCRQMS: 7.40902641688369e-08
NPCSMQR: 7.40902641688369e-08
NPCSQMR: 7.40902641688369e-08
NPCSQRM: 7.40902641688369e-08
NPCSRMQ: 7.40902641688369e-08
NPMSQCR: 7.40902641688369e-08
NPQSCMR: 7.40902641688369e-08
NPRSQMC: 7.40902641688369e-08
NQCSPMR: 7.40902641688369e-08
NQCSPRM: 7.40902641688369e-08
NQPSRCM: 7.40902641688369e-08
NRCSQMP: 7.40902641688369e-08
NRPSQCM: 7.40902641688369e-08
NRSCMQP: 7.40902641688369e-08
NSCPQMR: 7.40902641688369e-08
NSMQRCP: 7.40902641688369e-08
NSQCMRP: 7.40902641688369e-08
PCQSMRN: 5.953373181244493e-08
PCSQRMN: 5.953373181244493e-08
PCSRMQN: 5.953373181244493e-08
PMQCSRN: 5.953373181244493e-08
PMSCRQN: 5.953373181244493e-08
PNCQRMS: 5.953373181244493e-08
PNCSQMR: 5.953373181244493e-08
PNQCMRS: 5.953373181244493e-08
PNSCMQR: 5.953373181244493e-08
PNSCMRQ: 5.953373181244493e-08
PQSCMRN: 5.953373181244493e-08
PRMCSQN: 5.953373181244493e-08
PRNCMQS: 5.953373181244493e-08
PRNCSQM: 5.953373181244493e-08
PRQCMSN: 5.953373181244493e-08
PRQSCNM: 5.953373181244493e-08
PRSCMNQ: 5.953373181244493e-08
PRSCMQN: 5.953373181244493e-08
PRSCNQM: 5.953373181244493e-08
PRSCQMN: 5.953373181244493e-08
PRSCQNM: 5.953373181244493e-08
PRSNCMQ: 5.953373181244493e-08
PRSNMQC: 5.953373181244493e-08
PRSQMCN: 5.953373181244493e-08
PRSQNMC: 5.953373181244493e-08
PSMCQRN: 5.953373181244493e-08
PSMQRNC: 5.953373181244493e-08
PSNCMRQ: 5.953373181244493e-08
PSNQCMR: 5.953373181244493e-08
PSNRQMC: 5.953373181244493e-08
PSQCMNR: 5.953373181244493e-08
PSQCMRN: 5.953373181244493e-08
PSQCNRM: 5.953373181244493e-08
PSQCRMN: 5.953373181244493e-08
PSQMCRN: 5.953373181244493e-08
PSQNMRC: 5.953373181244493e-08
PSQRMCN: 5.953373181244493e-08
PSRCMQN: 5.953373181244493e-08
PSRCQNM: 5.953373181244493e-08
QNCRPMS: 5.953373181244493e-08
QNCRPSM: 5.953373181244493e-08
QNCRSMP: 5.953373181244493e-08
QPCSNMR: 5.953373181244493e-08
QPNCMRS: 5.953373181244493e-08
QRSCMPN: 5.953373181244493e-08
QSMCPRN: 5.953373181244493e-08
QSMCRNP: 5.953373181244493e-08
QSPCMRN: 5.953373181244493e-08
QSPRMCN: 5.953373181244493e-08
QSPRNMC: 5.953373181244493e-08
RCNQPMS: 3.544930218048658e-08
RMCQPNS: 3.544930218048658e-08
RNCPQMS: 3.544930218048658e-08
RNCQMPS: 3.544930218048658e-08
RNCQPMS: 3.544930218048658e-08
RNCQPSM: 3.544930218048658e-08
RNCQSMP: 3.544930218048658e-08
RNCSPMQ: 3.544930218048658e-08
RNMQPCS: 3.544930218048658e-08
RNPQCMS: 3.544930218048658e-08
RNQCPMS: 3.544930218048658e-08
RNSQPMC: 3.544930218048658e-08
RPCQNMS: 3.544930218048658e-08
RPCSQMN: 3.544930218048658e-08
RQCNPMS: 3.544930218048658e-08
RSCQPMN: 3.544930218048658e-08
RSMQCNP: 3.544930218048658e-08
RSQCMPN: 3.544930218048658e-08
SCMQRNP: 3.544930218048658e-08
SNCQPMR: 3.544930218048658e-08
SPCNQMR: 3.544930218048658e-08
SPQCMRN: 3.544930218048658e-08
SRPCMQN: 3.544930218048658e-08
