CMNQPRS: 5.9525049629010125e-08
CMNQSPR: 5.9525049629010125e-08
CMNSRPQ: 5.9525049629010125e-08
CMPQNRS: 5.9525049629010125e-08
CMQSPNR: 5.9525049629010125e-08
CNMQPRS: 5.9525049629010125e-08
CNPMQRS: 5.9525049629010125e-08
CNPQMRS: 5.9525049629010125e-08
CNPQMSR: 5.9525049629010125e-08
CNPQSRM: 5.9525049629010125e-08
CNPSQRM: 5.9525049629010125e-08
CNQMPRS: 5.9525049629010125e-08
CNQPMRS: 5.9525049629010125e-08
CNQRSPM: 5.9525049629010125e-08
CNRQMPS: 5.9525049629010125e-08
CNRSMQP: 5.9525049629010125e-08
CNSMRPQ: 5.9525049629010125e-08
CPNMRSQ: 5.9525049629010125e-08
CPNQMRS: 5.9525049629010125e-08
CPNQSMR: 5.9525049629010125e-08
CPQNSRM: 5.9525049629010125e-08
CPSQNMR: 5.9525049629010125e-08
CPSQRNM: 5.9525049629010125e-08
CQMPNRS: 5.9525049629010125e-08
CQNMRPS: 5.9525049629010125e-08
CQPNMRS: 5.9525049629010125e-08
CQPNSRM: 5.9525049629010125e-08
CQPSMRN: 5.9525049629010125e-08
CQPSNRM: 5.9525049629010125e-08
CQSNMRP: 5.9525049629010125e-08
CRNMSPQ: 5.9525049629010125e-08
CRPQMNS: 5.9525049629010125e-08
CSNMPRQ: 5.9525049629010125e-08
CSNMQPR: 5.9525049629010125e-08
CSNMRPQ: 5.9525049629010125e-08
CSNQRPM: 5.9525049629010125e-08
CSNRMPQ: 5.9525049629010125e-08
CSPMRNQ: 5.9525049629010125e-08
CSQMRPN: 5.9525049629010125e-08
MCPSNRQ: 5.796832610661535e-08
MNPQCRS: 5.796832610661535e-08
MNSQPCR: 5.796832610661535e-08
MPCQNSR: 5.796832610661535e-08
MPNQSCR: 5.796832610661535e-08
MPQSNCR: 5.796832610661535e-08
MPRQNCS: 5.796832610661535e-08
MPSCNQR: 5.796832610661535e-08
MPSQCNR: 5.796832610661535e-08
MPSQNCR: 5.796832610661535e-08
MPSQRCN: 5.796832610661535e-08
MPSRNCQ: 5.796832610661535e-08
MRSQNCP: 5.796832610661535e-08
MSNCRPQ: 5.796832610661535e-08
NCPQMRS: 5.953373181244493e-08
NCPSQRM: 5.953373181244493e-08
NCQPMRS: 5.953373181244493e-08
NMPCQRS: 5.953373181244493e-08
NMPQSCR: 5.953373181244493e-08
NPSCQRM: 5.953373181244493e-08
NPSQMCR: 5.953373181244493e-08
NPSQMRC: 5.953373181244493e-08
NSCMRPQ: 5.953373181244493e-08
NSCPQMR: 5.953373181244493e-08
PCNQSMR: 5.9525049629010125e-08
PCQSNRM: 5.9525049629010125e-08
PMCQSNR: 5.9525049629010125e-08
PMNCSQR: 5.9525049629010125e-08
PMNQCSR: 5.9525049629010125e-08
PMNQSCR: 5.9525049629010125e-08
PMNQSRC: 5.9525049629010125e-08
PMNRSCQ: 5.9525049629010125e-08
PMRQSCN: 5.9525049629010125e-08
PMSQNCR: 5.9525049629010125e-08
PNCQMRS: 5.9525049629010125e-08
PQCSNRM: 5.9525049629010125e-08
PQNMSCR: 5.9525049629010125e-08
PRNQSCM: 5.9525049629010125e-08
PSNMRCQ: 5.9525049629010125e-08
PSNQMCR: 5.9525049629010125e-08
QCMPSNR: 7.40902641688369e-08
QCMSNRP: 7.40902641688369e-08
QCMSRPN: 7.40902641688369e-08
QCNPMSR: 7.40902641688369e-08
QCNSMRP: 7.40902641688369e-08
QCNSPRM: 7.40902641688369e-08
QCPMNRS: 7.40902641688369e-08
QCPMRSN: 7.40902641688369e-08
QCPNSRM: 7.40902641688369e-08
QCPSMNR: 7.40902641688369e-08
QCPSMRN: 7.40902641688369e-08
QCPSNMR: 7.40902641688369e-08
QCPSNRM: 7.40902641688369e-08
QCRSNPM: 7.40902641688369e-08
QCSPNMR: 7.40902641688369e-08
QCSPNRM: 7.40902641688369e-08
QMCNPRS: 7.40902641688369e-08
QMNPSCR: 7.40902641688369e-08
QMPSNCR: 7.40902641688369e-08
QMPSNRC: 7.40902641688369e-08
QNPSCRM: 7.40902641688369e-08
QNPSMRC: 7.40902641688369e-08
QPCSNRM: 7.40902641688369e-08
QPSMNCR: 7.40902641688369e-08
QPSMNRC: 7.40902641688369e-08
QRPSNCM: 7.40902641688369e-08
QSNMRPC: 7.40902641688369e-08
QSNPMRC: 7.40902641688369e-08
QSPCNRM: 7.40902641688369e-08
RCPQMNS: 5.9525049629010125e-08
RCPSNQM: 5.9525049629010125e-08
RNPQCMS: 5.9525049629010125e-08
RNPQCSM: 5.9525049629010125e-08
RNPQMCS: 5.9525049629010125e-08
RPQSNCM: 5.9525049629010125e-08
RPSQNCM: 5.9525049629010125e-08
RSNMCPQ: 5.9525049629010125e-08
SCPQNRM: 5.9525049629010125e-08
SMNQPCR: 5.9525049629010125e-08
SNPQMRC: 5.9525049629010125e-08
SNQCPMR: 5.9525049629010125e-08
SPMQNCR: 5.9525049629010125e-08
