CMPSNQR: 5.7788610188548055e-08
CMRQPSN: 5.7788610188548055e-08
CNMQPSR: 5.7788610188548055e-08
CPMQRSN: 5.7788610188548055e-08
CPQRMNS: 5.7788610188548055e-08
CQMRPSN: 5.7788610188548055e-08
CQMSNRP: 5.7788610188548055e-08
CQMSRNP: 5.7788610188548055e-08
CRMPQSN: 5.7788610188548055e-08
CRMQNSP: 5.7788610188548055e-08
CRMQPNS: 5.7788610188548055e-08
CRMQPSN: 5.7788610188548055e-08
CRMQSPN: 5.7788610188548055e-08
CRMSPQN: 5.7788610188548055e-08
CRMSQNP: 5.7788610188548055e-08
CRMSQPN: 5.7788610188548055e-08
CRNMQPS: 5.7788610188548055e-08
CRPQMSN: 5.7788610188548055e-08
CRPQNSM: 5.7788610188548055e-08
CRQMPSN: 5.7788610188548055e-08
CRQMSNP: 5.7788610188548055e-08
CRSQPMN: 5.7788610188548055e-08
CSMQPRN: 5.7788610188548055e-08
CSMQRNP: 5.7788610188548055e-08
MPCNQSR: 6.058855235044807e-08
MPCSNQR: 6.058855235044807e-08
MPCSQRN: 6.058855235044807e-08
MQRSCNP: 6.058855235044807e-08
MQRSCPN: 6.058855235044807e-08
MRCQPSN: 6.058855235044807e-08
MRCQSPN: 6.058855235044807e-08
MRPCNSQ: 6.058855235044807e-08
MRSQCNP: 6.058855235044807e-08
NMCSPQR: 5.1423568943784577e-08
NMCSQPR: 5.1423568943784577e-08
NMQCPSR: 5.1423568943784577e-08
NMRSCQP: 5.1423568943784577e-08
NQMSCRP: 5.1423568943784577e-08
NRMQPSC: 5.1423568943784577e-08
NRMQSCP: 5.1423568943784577e-08
NRPCQSM: 5.1423568943784577e-08
PCMSNQR: 2.8973064784699996e-08
PMCNSQR: 2.8973064784699996e-08
PMCQNSR: 2.8973064784699996e-08
PMCRNQS: 2.8973064784699996e-08
PMCSNQR: 2.8973064784699996e-08
PMCSNRQ: 2.8973064784699996e-08
PMCSRQN: 2.8973064784699996e-08
PMNSCQR: 2.8973064784699996e-08
PMQCSNR: 2.8973064784699996e-08
PMQSNCR: 2.8973064784699996e-08
PMRSNQC: 2.8973064784699996e-08
PMSCNQR: 2.8973064784699996e-08
PNCSMQR: 2.8973064784699996e-08
PNRMQSC: 2.8973064784699996e-08
PQCSNMR: 2.8973064784699996e-08
PQMSCNR: 2.8973064784699996e-08
PRCSNQM: 2.8973064784699996e-08
PRQCNSM: 2.8973064784699996e-08
PSCMNQR: 2.8973064784699996e-08
QCPRNSM: 2.8973064784699996e-08
QMCSNPR: 2.8973064784699996e-08
QMPCNSR: 2.8973064784699996e-08
QNPCRSM: 2.8973064784699996e-08
QPRCNSM: 2.8973064784699996e-08
QRMCNSP: 2.8973064784699996e-08
QRMCPSN: 2.8973064784699996e-08
QRMPCNS: 2.8973064784699996e-08
QRMSCNP: 2.8973064784699996e-08
QRNCPSM: 2.8973064784699996e-08
QRPCMSN: 2.8973064784699996e-08
QRPCNMS: 2.8973064784699996e-08
QRPCNSM: 2.8973064784699996e-08
QRPCSNM: 2.8973064784699996e-08
QRPMNSC: 2.8973064784699996e-08
QRPNCSM: 2.8973064784699996e-08
QRPNMSC: 2.8973064784699996e-08
QSPCNRM: 2.8973064784699996e-08
RCMQPSN: 2.8973064784699996e-08
RCMQSPN: 2.8973064784699996e-08
RCMSQNP: 2.8973064784699996e-08
RMCSNQP: 2.8973064784699996e-08
RNMSCQP: 2.8973064784699996e-08
RNPCQSM: 2.8973064784699996e-08
RPMSCNQ: 2.8973064784699996e-08
RPMSCQN: 2.8973064784699996e-08
RQCSMNP: 2.8973064784699996e-08
RQMCSNP: 2.8973064784699996e-08
RQMNCPS: 2.8973064784699996e-08
RQMNCSP: 2.8973064784699996e-08
RQMPCNS: 2.8973064784699996e-08
RQMPCSN: 2.8973064784699996e-08
RQMSCNP: 2.8973064784699996e-08
RQMSCPN: 2.8973064784699996e-08
RQMSNCP: 2.8973064784699996e-08
RQNSCMP: 2.8973064784699996e-08
RQPCNSM: 2.8973064784699996e-08
RQPSCNM: 2.8973064784699996e-08
RQSMPCN: 2.8973064784699996e-08
RSMQCNP: 2.8973064784699996e-08
SCQMPNR: 2.8973064784699996e-08
SCQMRNP: 2.8973064784699996e-08
SMCPNQR: 2.8973064784699996e-08
SMCQPNR: 2.8973064784699996e-08
SMNCPQR: 2.8973064784699996e-08
SMPCQNR: 2.8973064784699996e-08
SMQCNPR: 2.8973064784699996e-08
SMQCPNR: 2.8973064784699996e-08
SMQCPRN: 2.8973064784699996e-08
SMQCRNP: 2.8973064784699996e-08
SMQPCNR: 2.8973064784699996e-08
SMQRPNC: 2.8973064784699996e-08
SMRCPNQ: 2.8973064784699996e-08
SNQCPMR: 2.8973064784699996e-08
SPQCMNR: 2.8973064784699996e-08
SQMCPNR: 2.8973064784699996e-08
SQMRCNP: 2.8973064784699996e-08
SRMQCPN: 2.8973064784699996e-08
SRMQPCN: 2.8973064784699996e-08
SRPCNQM: 2.8973064784699996e-08
SRQCPNM: 2.8973064784699996e-08
